361
579
58
551
255
220
120
574
904
702
496
850
713
439
213
705
30
593
221
249
207
474
300
188
122
791
78
191
836
190
809
165
478
531
51
772
570
218
811
394
817
635
574
995
226
128
498
332
287
542
779
590
167
137
926
586
214
601
319
399
317
946
794
42
76
205
555
512
545
539
474
382
707
809
238
189
26
605
83
163
678
149
437
730
236
687
566
365
224
140
607
866
11
574
533
125
602
475
590
534
240
980
272
350
177
565
966
745
79
741
256
951
64
5
399
765
923
495
997
578
32
780
310
30
26
201
927
453
994
916
209
332
752
426
412
482
879
969
905
443
917
623
242
209
696
266
306
983
174
164
316
173
883
328
571
128
338
930
996
226
783
930
50
347
84
57
546
828
50
967
120
577
236
927
499
987
323
83
101
369
633
597
273
425
621
720
366
316
948
213
290
125
376
411
107
657
251
878
61
917
165
663
988
259
87
171
978
769
986
131
951
996
638
885
222
210
333
265
3
105
426
255
867
102
643
233
126
861
737
481
443
777
226
922
242
478
872
656
646
982
694
82
667
994
798
482
958
807
790
699
76
603
126
793
961
23
373
837
618
225
83
413
778
827
256
279
929
335
409
70
886
257
784
162
243
687
618
649
3
150
190
220
224
991
160
480
770
240
683
416
985
820
392
360
935
797
273
738
385
294
85
446
21
670
574
774
851
954
183
288
799
674
636
553
884
255
476
839
868
441
403
771
597
727
761
568
982
588
240
854
316
353
712
507
526
572
315
681
229
211
389
772
463
945
487
200
485
579
941
746
718
712
547
905
167
65
715
934
106
266
462
169
817
954
8
188
128
894
251
859
496
519
333
790
970
260
429
422
743
82
253
747
867
670
641
897
869
437
766
44
696
919
165
439
349
262
905
133
857
164
153
229
272
165
703
561
71
549
808
877
771
746
266
941
539
769
842
381
1000
785
868
705
927
804
495
845
56
738
478
56
719
583
498
978
261
61
905
405
816
904
860
250
783
106
675
775
112
108
557
234
450
539
233
113
201
279
479
805
603
456
17
481
314
372
651
197
941
783
932
963
746
521
178
633
193
6
328
743
373
731
143
153
332
958
280
521
531
879
813
609
857
983
480
53
374
354
460
304
642
455
937
247
445
506
961
41
441
769
886
953
847
529
149
612
752
879
961
237
345
700
133
404
172
443
909
630
609
953
729
397
992
502
17
360
918
768
631
103
307
477
776
959
12
907
704
797
160
546
613
387
315
697
719
680
280
304
905
882
139
558
204
533
299
347
248
528
826
751
311
255
978
898
631
200
810
592
939
985
577
186
911
887
264
426
99
603
91
408
801
330
613
459
455
307
889
110
778
295
310
526
730
889
175
155
442
17
503
981
584
344
743
973
499
190
811
76
248
300
385
271
987
539
528
627
419
122
773
893
784
920
244
443
839
586
402
611
168
980
980
530
187
633
627
499
309
247
51
112
679
19
952
342
775
623
925
232
503
241
455
930
432
328
4
985
891
210
161
734
869
642
557
256
50
188
607
968
185
948
782
658
679
878
203
734
858
472
34
726
94
811
389
941
673
602
170
536
539
18
454
289
860
975
628
54
126
186
754
271
141
410
711
454
635
586
703
30
802
350
842
541
570
721
324
652
185
702
1000
306
247
294
628
981
779
729
194
894
234
703
870
982
138
406
668
577
928
642
842
799
153
341
479
598
892
683
74
503
710
927
668
516
738
871
665
169
290
941
995
487
431
398
638
625
954
605
720
417
269
99
585
392
929
356
216
258
721
838
603
172
840
336
633
362
429
862
981
470
973
25
102
619
790
412
901
45
189
895
993
520
950
2
211
696
951
437
223
517
787
587
71
581
950
997
906
820
606
818
566
898
760
481
993
467
861
407
851
310
941
345
860
336
988
831
255
372
118
888
541
320
525
384
101
378
285
423
90
309
221
989
977
404
41
1000
601
908
705
702
968
634
222
432
791
106
85
362
435
193
705
47
310
79
291
846
254
21
180
423
474
607
693
533
190
834
261
986
471
662
602
488
136
689
772
158
345
119
624
134
351
166
938
993
570
532
946
632
559
639
158
707
569
798
771
302
32
468
926
780
686
466
939
198
831
978
630
118
140
456
181
111
899
350
287
594
925
638
441
334
225
442
245
151
119
608
311
402
796
146
551
406
606
237
544
255
613
871
103
938
290
48
505
499
711
508
423
693
759
853
224
696
683
923
599
398
709
106
674
161
946
657
490
97
190
230
710
88
942
587
982
560
403
402
